,Feature,f_value,p_value
10,cc_cons_may,6.2866570464616425,0.012175512569258834
35,region_code,5.570909186218765,0.018274004889744833
13,cc_count_may,3.8829867227673773,0.04879607446877696
17,credit_count_may,2.6755351772315676,0.10192204920547522
33,investment_3,1.9858642604522987,0.15879471276075655
4,Tenure_with_Bank,1.9587297912694466,0.16166991249996
1,Emp_Tenure_Years,1.4095535045802134,0.23514933151949213
11,cc_count_apr,1.4083597621661619,0.23534767027726333
22,dc_count_may,0.9991408203587073,0.31753461985876397
29,emi_active,0.9988728095758356,0.3175995329150473
2,Income,0.6402216052322812,0.42364323529008774
6,age,0.5735853021537168,0.44884961794158795
21,dc_count_jun,0.5632335140252865,0.45297211010991945
8,cc_cons_apr,0.5539304235399003,0.4567278180455514
0,Avg_days_between_transaction,0.4250594638124499,0.5144331965646278
27,debit_count_jun,0.42038110084350233,0.5167568698083601
16,credit_count_jun,0.3847047017007056,0.5351054761878017
31,investment_1,0.3533712044528909,0.552219915686168
14,credit_amount_jun,0.1797193656297911,0.6716206041113943
7,card_lim,0.17192598134794068,0.6784116993084882
15,credit_count_apr,0.136785063127477,0.7115034685210107
5,account_type,0.12142584256430929,0.7274980551703973
32,investment_2,0.11491390085765033,0.7346223640827201
30,gender,0.08086890755533073,0.7761272555536948
12,cc_count_jun,0.06736872739923448,0.7952107191201773
3,NetBanking_Flag,0.03994907704125264,0.841582889129969
18,dc_cons_apr,0.032535200168218655,0.8568604869833266
26,debit_count_apr,0.02679806483807605,0.8699686219867943
23,debit_amount_apr,0.020873279262861852,0.8851266445604433
34,investment_4,0.020246399727744967,0.8868529794380451
25,debit_amount_may,0.011625980222420503,0.9141368747649484
20,dc_count_apr,0.0036738723843576324,0.9516686440805218
28,debit_count_may,0.0030661561920743916,0.9558421363371385
9,cc_cons_jun,0.000922538627136322,0.9757697259534226
19,dc_cons_jun,0.0008608579203431211,0.9765935122496902
24,debit_amount_jun,0.00025969642383843696,0.9871427819778897
